Module Address Level Table:
====================================================================================================
                UB        B
                                           Lev0     Lev1     Lev2     Lev3
  TBM    -2000     -102      300
                                      -102       30       96      161     2000
----------------------------------------------------------------------------------------------------
                UB        B
                                           Lev0     Lev1     Lev2     Lev3     Lev4     Lev5
 ROC0    -2000     -105      300
                                      -105       22       87      153      220      287     2000
 ROC1    -2000      -99      300
                                       -99       43      116      188      260      333     2000
 ROC2    -2000      -94      300
                                       -94       44      116      189      259      330     2000
 ROC3    -2000      -96      300
                                       -96       44      117      189      261      333     2000
 ROC4    -2000      -91      300
                                       -91       58      133      208      285      361     2000
 ROC5    -2000     -100      300
                                      -100       36      106      176      245      315     2000
 ROC6    -2000     -105      300
                                      -105       22       89      157      223      289     2000
 ROC7    -2000      -98      300
                                       -98       49      124      198      273      347     2000
====================================================================================================
